from AlgoAV.Generation.GraphGen import GraphGen , WeigthSet
from AlgoAV.Modelisation.FullGraph import SetFullGraph
from AlgoAV.Processing.ExperiencePlan import Borne
from AlgoAV.Processing.FourmiOpti import FourmiOpti
import matplotlib.pyplot as plt
from collections import deque
import mysql.connector
import progressbar
import numpy as np
import random
import math
import copy
from time import process_time
if __name__ == "__main__":
    
    Nb_Test = 5

    List_MeanResult = []
    List_DerivationResult = []

    widgets = ['\n['
            , progressbar.Timer(),
        '] ',
        progressbar.Bar('*'),' ',
        progressbar.Percentage(),' | (',
        progressbar.ETA(), ')\n',
        ]

    nb_steps_bar = Nb_Test
    value = 0

    Textbar = progressbar.ProgressBar(maxval=nb_steps_bar, 
                    widgets=widgets)
    Textbar.start()
    nb_Cities = 131
    OptimalValue = 564

    List_CurResult = []
    Evap = 0.25
    Alpha = 5
    Beta = 0.5
    Deposit = 90
    StartValueDeposit = 90
    IterationUsed = 2

    seed = None
    if seed is not None:
        random.seed(seed)
    else:
        random.seed()

    for test in range(Nb_Test):
        start = process_time()
        print("=================================\nGeneration Full Graph ("+str(test)+","+str(nb_Cities)+")")
        startingVertice = random.choice(range(nb_Cities))
        ListDeliveries = list(range(nb_Cities))

        ListDeliverieTreated = tuple(np.unique(ListDeliveries).tolist())
        CityTotreat = len(ListDeliverieTreated)

        WFullGraph = [[0.0, 13.0, 14.0, 26.0, 13.152946437965905, 5.0, 7.810249675906654, 13.0, 18.681541692269406, 24.515301344262525, 30.4138126514911, 7.0710678118654755, 15.264337522473747, 9.486832980505138, 10.44030650891055, 11.40175425099138, 12.36931687685298, 14.422205101855956, 15.0, 16.15549442140351, 19.209372712298546, 23.430749027719962, 28.30194339616981, 33.54101966249684, 15.811388300841896, 18.110770276274835, 18.0, 18.110770276274835, 18.439088914585774, 18.973665961010276, 19.697715603592208, 20.591260281974, 21.633307652783937, 22.80350850198276, 24.08318915758459, 25.45584412271571, 26.90724809414742, 28.42534080710379, 30.0, 31.622776601683793, 33.28663395418648, 34.132096331752024, 35.84689665786984, 36.71511950137164, 25.079872407968907, 25.079872407968907, 26.570660511172846, 26.92582403567252, 27.313000567495326, 28.178005607210743, 29.154759474226502, 29.68164415931166, 25.317977802344327, 28.160255680657446, 28.861739379323623, 31.76476034853718, 32.7566787083184, 35.0, 38.897300677553446, 41.036569057366385, 44.04543109109048, 34.539832078341085, 36.71511950137164, 33.06055050963308, 35.4682957019364, 36.6742416417845, 37.589892258425, 34.058772731852805, 36.40054944640259, 37.57658845611187, 38.47076812334269, 42.20189569201838, 44.04543109109048, 34.92849839314596, 35.22782990761707, 39.35733730830886, 38.118237105091836, 38.63935817272331, 41.6293165929973, 43.41658669218482, 41.0, 42.20189569201838, 45.18849411078001, 46.06517122512408, 46.52956049652737, 47.01063709417264, 48.83646178829912, 50.0, 48.507731342539614, 60.207972893961475, 61.29437168288782, 57.271284253105414, 57.0087712549569, 58.249463516842795, 64.88451279003334, 68.8839603971781, 69.83552104767315, 63.387695966961914, 64.6297145282261, 71.02816342831905, 71.0, 71.06335201775947, 77.87810988975015, 78.7210264160726, 74.00675644831355, 74.06078584514209, 74.33034373659252, 74.81310045707235, 75.7099729229908, 77.20103626247513, 78.43468620451031, 74.33034373659252, 77.41446893184762, 78.05767098754612, 80.2807573457052, 81.04319835741924, 82.21921916437786, 79.05694150420949, 81.49233092751734, 82.56512580987206, 80.05623023850174, 84.75848040166836, 80.39900496896712, 81.09870529176159, 84.29116205154607, 84.71717653463199, 85.5102333057278, 86.58521813797087, 87.64131445842195, 84.29116205154607, 107.91200118615167], [13.0, 0.0, 1.0, 13.0, 26.076809620810597, 13.92838827718412, 8.602325267042627, 5.0990195135927845, 7.0710678118654755, 12.083045973594572, 17.72004514666935, 18.681541692269406, 27.202941017470888, 18.35755975068582, 18.867962264113206, 19.4164878389476, 20.0, 24.186773244895647, 19.849433241279208, 16.55294535724685, 15.033296378372908, 15.811388300841896, 18.601075237738275, 22.67156809750927, 23.430749027719962, 23.430749027719962, 22.20360331117452, 21.095023109728988, 20.12461179749811, 19.313207915827967, 18.681541692269406, 18.24828759089466, 18.027756377319946, 18.027756377319946, 18.24828759089466, 18.681541692269406, 19.313207915827967, 20.12461179749811, 21.095023109728988, 22.20360331117452, 23.430749027719962, 24.08318915758459, 25.45584412271571, 26.1725046566048, 29.154759474226502, 27.313000567495326, 25.317977802344327, 25.179356624028344, 25.079872407968907, 25.0, 25.079872407968907, 25.179356624028344, 30.23243291566195, 29.732137494637012, 28.635642126552707, 28.071337695236398, 28.284271247461902, 29.120439557122072, 31.304951684997057, 32.7566787083184, 35.0, 32.0, 32.38826948140329, 34.785054261852174, 33.0, 33.13608305156178, 33.37663853655727, 35.73513677041127, 34.0, 34.132096331752024, 34.36568055487916, 36.05551275463989, 37.16180835212409, 39.96248240537617, 36.138621999185304, 35.35533905932738, 39.293765408777, 38.47076812334269, 38.2099463490856, 38.8329756778952, 40.19950248448356, 41.10960958218893, 41.43669871020132, 41.773197148410844, 41.97618372363071, 42.20189569201838, 48.16637831516918, 48.010415536631214, 52.0, 54.42425929675111, 55.154328932550705, 56.00892785976178, 58.69412236331676, 57.0087712549569, 59.77457653551382, 63.89053137985315, 64.51356446515724, 66.09841147864296, 64.1248781675256, 72.56721022610694, 72.18032973047436, 71.7007670809734, 73.49829930005184, 74.04052944165107, 75.31268153505093, 74.67261881037788, 74.24284477308234, 74.02702209328699, 74.06078584514209, 74.54528824815154, 75.13321502504735, 76.6550715869472, 77.1621668954417, 79.62411694957753, 78.23042886243178, 78.5175139698144, 79.07591289387686, 80.60397012554654, 79.30952023559341, 79.76214641043707, 81.58431221748455, 81.39410298049853, 82.71033792700887, 81.49846624323675, 84.2140130857092, 84.02380615040002, 84.0535543567314, 84.38009243891595, 84.8528137423857, 86.34813257969161, 107.00467279516349], [14.0, 1.0, 0.0, 12.0, 27.073972741361768, 14.866068747318506, 9.433981132056603, 5.385164807134504, 6.4031242374328485, 11.180339887498949, 16.76305461424021, 19.6468827043885, 28.160255680657446, 19.235384061671343, 19.72308292331602, 20.248456731316587, 20.808652046684813, 25.059928172283335, 20.518284528683193, 17.0, 15.132745950421556, 15.524174696260024, 18.027756377319946, 21.93171219946131, 24.20743687382041, 24.08318915758459, 22.80350850198276, 21.633307652783937, 20.591260281974, 19.697715603592208, 18.973665961010276, 18.439088914585774, 18.110770276274835, 18.0, 18.110770276274835, 18.439088914585774, 18.973665961010276, 19.697715603592208, 20.591260281974, 21.633307652783937, 22.80350850198276, 23.430749027719962, 24.758836806279895, 25.45584412271571, 29.68164415931166, 27.730849247724095, 25.495097567963924, 25.317977802344327, 25.179356624028344, 25.019992006393608, 25.019992006393608, 25.079872407968907, 30.805843601498726, 30.083217912982647, 28.861739379323623, 28.0178514522438, 28.160255680657446, 28.861739379323623, 30.870698080866262, 32.2490309931942, 34.40930106817051, 32.01562118716424, 32.2490309931942, 35.11409973215888, 33.015148038438355, 33.06055050963308, 33.24154027718932, 36.05551275463989, 34.0147027033899, 34.058772731852805, 34.23448553724738, 35.73513677041127, 36.76955262170047, 40.496913462633174, 36.40054944640259, 35.22782990761707, 39.56008088970496, 38.63935817272331, 38.118237105091836, 38.63935817272331, 40.311288741492746, 41.19465984809196, 41.30375285612676, 41.593268686170845, 41.773197148410844, 41.97618372363071, 48.25971404805462, 48.0, 52.392747589718944, 54.08326913195984, 54.78138369920935, 56.0357029044876, 58.9406481131655, 57.0350769263968, 59.481089431852205, 63.60031446463138, 64.19501538281614, 66.40783086353596, 64.19501538281614, 72.78049189171504, 72.3671196055225, 71.84705978674423, 73.24616030891995, 73.76313442364011, 75.50496672405067, 74.81310045707235, 74.33034373659252, 74.06078584514209, 74.02702209328699, 74.43117626371358, 74.96665925596525, 76.92203845452875, 77.23341245859851, 79.83107164506812, 78.16009211867653, 78.40918313565064, 78.91767862779544, 80.8084154033477, 79.22752047110903, 79.63039620647382, 81.78630692236935, 81.21576201698781, 82.96987405076617, 81.61494961096282, 84.29116205154607, 84.0535543567314, 84.02380615040002, 84.29116205154607, 84.71717653463199, 86.58521813797087, 107.0], [26.0, 13.0, 12.0, 0.0, 39.05124837953327, 26.476404589747453, 20.615528128088304, 14.866068747318506, 9.433981132056603, 5.385164807134504, 6.4031242374328485, 31.400636936215164, 39.81205847478876, 30.364452901377952, 30.675723300355934, 31.016124838541646, 31.38470965295043, 36.05551275463989, 30.01666203960727, 25.0, 20.518284528683193, 17.0, 15.132745950421556, 15.524174696260024, 34.438350715445125, 33.28663395418648, 31.622776601683793, 30.0, 28.42534080710379, 26.90724809414742, 25.45584412271571, 24.08318915758459, 22.80350850198276, 21.633307652783937, 20.591260281974, 19.697715603592208, 18.973665961010276, 18.439088914585774, 18.110770276274835, 18.0, 18.110770276274835, 18.24828759089466, 18.681541692269406, 18.973665961010276, 37.53664875824692, 34.655446902326915, 30.23243291566195, 29.68164415931166, 29.154759474226502, 28.178005607210743, 27.313000567495326, 26.92582403567252, 39.05124837953327, 36.235341863986875, 33.83784863137726, 30.083217912982647, 29.410882339705484, 28.442925306655784, 28.0178514522438, 28.284271247461902, 29.120439557122072, 34.539832078341085, 32.984845004941285, 40.80441152620633, 35.4682957019364, 34.48187929913333, 33.95585369269929, 41.617304093369626, 36.40054944640259, 35.4400902933387, 34.92849839314596, 34.0147027033899, 34.058772731852805, 48.08326112068523, 41.340053217188775, 35.90264614203248, 44.41846462902562, 42.485291572496, 39.05124837953327, 38.3275357934736, 43.46262762420146, 44.01136216933077, 41.593268686170845, 41.30375285612676, 41.19465984809196, 41.10960958218893, 50.92150822589606, 49.47726750741192, 58.249463516842795, 51.35172830587107, 51.62363799656123, 57.723478758647246, 63.071388124885914, 58.69412236331676, 57.21887800367987, 61.29437168288782, 61.5223536610881, 71.11961754677819, 66.21933252457322, 76.32168761236873, 75.61084578286372, 74.63243262818116, 71.25307010929424, 71.449282711585, 78.77182237323191, 77.4919350642375, 76.40026177965623, 75.50496672405067, 74.67261881037788, 74.10802925459562, 74.0, 81.02468759581859, 79.07591289387686, 83.21658488546619, 78.31347265956222, 78.10249675906654, 78.0, 84.15461959987698, 79.22752047110903, 79.02531240052139, 85.09406559801923, 80.02499609497022, 86.92525524840292, 83.93449827097318, 86.12200647918046, 85.32877591996736, 84.5931439302264, 84.1486779456457, 84.00595217006948, 90.24965373894794, 107.67079455451233], [13.152946437965905, 26.076809620810597, 27.073972741361768, 39.05124837953327, 0.0, 13.341664064126334, 19.235384061671343, 25.179356624028344, 31.144823004794873, 37.12142238654117, 43.104524124504614, 8.54400374531753, 6.0, 12.206555615733702, 12.806248474865697, 13.45362404707371, 14.142135623730951, 11.180339887498949, 18.384776310850235, 23.021728866442675, 28.178005607210743, 33.61547262794322, 39.21734310225516, 44.9221548904324, 15.264337522473747, 19.4164878389476, 20.615528128088304, 21.93171219946131, 23.345235059857504, 24.839484696748443, 26.40075756488817, 28.0178514522438, 29.68164415931166, 31.38470965295043, 33.12099032335839, 34.88552708502482, 36.6742416417845, 38.48376280978771, 40.311288741492746, 42.15447781671598, 44.01136216933077, 44.94441010848846, 46.8187996428785, 47.75981574503821, 25.495097567963924, 27.459060435491963, 31.827660925679098, 32.526911934581186, 33.24154027718932, 34.713109915419565, 36.235341863986875, 37.013511046643494, 24.698178070456937, 30.528675044947494, 32.802438933713454, 38.2099463490856, 39.698866482558415, 42.80186911806539, 47.70744176750625, 50.24937810560445, 53.71219600798314, 39.698866482558415, 43.139309220245984, 34.438350715445125, 40.45985664828782, 42.44997055358225, 43.840620433565945, 35.34119409414458, 41.23105625617661, 43.18564576337837, 44.553338819890925, 49.678969393496885, 52.009614495783374, 32.38826948140329, 37.12142238654117, 45.27692569068709, 39.395431207184416, 41.182520563948, 46.861498055439924, 49.51767361255979, 43.9089968002003, 45.27692569068709, 50.44799302251776, 51.73973328110612, 52.40229002629561, 53.075418038862395, 50.99019513592785, 53.33854141237835, 46.389654018972806, 66.52818951391959, 67.89698078707183, 59.50630218724736, 56.293871780150276, 60.41522986797286, 70.43436661176133, 74.2024258363566, 75.43208866258443, 61.29437168288782, 65.7875368135941, 69.87131027825369, 70.21395872616783, 70.83078426785913, 82.37718130647589, 83.48652585896721, 72.99315036357864, 73.7563556583431, 74.72616676907762, 75.8946638440411, 77.62087348130012, 80.05623023850174, 81.88406438373708, 72.24956747275377, 77.88452991448301, 76.6550715869472, 82.46211251235322, 83.6719785830358, 85.42247947700886, 77.64663547121665, 83.773504164503, 85.42833253669417, 78.63841300535, 88.11923740024082, 78.16009211867653, 80.8084154033477, 84.40379138403677, 85.44003745317531, 86.97700845625813, 88.76936408468859, 90.37698822156003, 82.21921916437786, 108.41586599755591], [5.0, 13.92838827718412, 14.866068747318506, 26.476404589747453, 13.341664064126334, 0.0, 6.0, 12.0, 18.0, 24.0, 30.0, 5.0, 13.341664064126334, 5.0, 5.830951894845301, 6.708203932499369, 7.615773105863909, 10.63014581273465, 10.0, 11.661903789690601, 15.620499351813308, 20.591260281974, 26.0, 31.622776601683793, 11.180339887498949, 13.152946437965905, 13.0, 13.152946437965905, 13.601470508735444, 14.317821063276353, 15.264337522473747, 16.401219466856727, 17.69180601295413, 19.1049731745428, 20.615528128088304, 22.20360331117452, 23.853720883753127, 25.553864678361276, 27.294688127912362, 29.068883707497267, 30.870698080866262, 31.78049716414141, 33.61547262794322, 34.539832078341085, 20.09975124224178, 20.09975124224178, 21.93171219946131, 22.360679774997898, 22.825424421026653, 23.853720883753127, 25.0, 25.612496949731394, 20.396078054371138, 23.194827009486403, 24.041630560342615, 27.459060435491963, 28.600699292150182, 31.144823004794873, 35.4682957019364, 37.8021163428716, 41.048751503547585, 29.966648127543394, 32.449961479175904, 28.071337695236398, 30.870698080866262, 32.2490309931942, 33.28663395418648, 29.068883707497267, 31.78049716414141, 33.12099032335839, 34.132096331752024, 38.28837943815329, 40.311288741492746, 30.083217912982647, 30.265491900843113, 34.9857113690718, 33.13608305156178, 33.734255586866, 37.12142238654117, 39.11521443121589, 36.138621999185304, 37.36308338453881, 40.70626487409524, 41.677331968349414, 42.190046219457976, 42.720018726587654, 43.93176527297759, 45.221676218380054, 43.56604182158393, 56.0357029044876, 57.201398584300364, 52.392747589718944, 52.009614495783374, 53.36665625650534, 60.53924347066124, 64.4980619863884, 65.5133574166368, 58.42088667591412, 59.682493245507096, 66.03029607687671, 66.0, 66.06814663663572, 73.348483283569, 74.24284477308234, 69.00724599634447, 69.06518659932803, 69.35416353759881, 69.87131027825369, 70.83078426785913, 72.42237223399962, 73.7360156233031, 69.35416353759881, 72.44308110509934, 73.06161783043132, 75.43208866258443, 76.24303246854758, 77.4919350642375, 74.06078584514209, 76.6550715869472, 77.79460135510689, 75.05997601918082, 80.05623023850174, 75.4254598925323, 76.10519036176179, 79.30952023559341, 79.76214641043707, 80.60397012554654, 81.74350127074322, 82.86132994346639, 79.30952023559341, 102.95630140987001], [7.810249675906654, 8.602325267042627, 9.433981132056603, 20.615528128088304, 19.235384061671343, 6.0, 0.0, 6.0, 12.0, 18.0, 24.0, 11.0, 19.235384061671343, 9.848857801796104, 10.295630140987, 10.816653826391969, 11.40175425099138, 15.652475842498529, 11.661903789690601, 10.0, 11.661903789690601, 15.620499351813308, 20.591260281974, 26.0, 14.866068747318506, 15.264337522473747, 14.317821063276353, 13.601470508735444, 13.152946437965905, 13.0, 13.152946437965905, 13.601470508735444, 14.317821063276353, 15.264337522473747, 16.401219466856727, 17.69180601295413, 19.1049731745428, 20.615528128088304, 22.20360331117452, 23.853720883753127, 25.553864678361276, 26.419689627245813, 28.178005607210743, 29.068883707497267, 21.540659228538015, 20.396078054371138, 20.223748416156685, 20.396078054371138, 20.615528128088304, 21.18962010041709, 21.93171219946131, 22.360679774997898, 22.360679774997898, 23.194827009486403, 23.021728866442675, 24.698178070456937, 25.495097567963924, 27.459060435491963, 31.144823004794873, 33.24154027718932, 36.235341863986875, 27.892651361962706, 29.546573405388315, 28.284271247461902, 28.861739379323623, 29.732137494637012, 30.463092423455635, 29.274562336608895, 29.832867780352597, 30.675723300355934, 31.38470965295043, 34.66987164671943, 36.40054944640259, 32.202484376209235, 30.066592756745816, 32.31098884280702, 33.13608305156178, 33.015148038438355, 34.785054261852174, 36.24913792078372, 35.12833614050059, 36.22154055254967, 38.27531841800928, 39.0, 39.395431207184416, 39.81205847478876, 43.104524124504614, 43.73785545725808, 44.9221548904324, 52.839379254491625, 53.85164807134504, 51.35172830587107, 52.46903848937962, 52.3450093132096, 57.697486947006624, 61.741396161732524, 62.609903369994115, 59.43904440685432, 59.07622195096772, 66.48308055437865, 66.27216610312357, 66.06814663663572, 70.9365914038728, 71.69379331573968, 69.35416353759881, 69.06518659932803, 69.00724599634447, 69.18092222571191, 69.72087205421343, 70.83078426785913, 71.84010022264724, 70.21395872616783, 72.02777242147643, 73.55270219373317, 74.14849964766651, 74.73285756613352, 75.69015788066504, 74.54528824815154, 75.31268153505093, 76.15773105863909, 75.53806987208503, 78.16009211867653, 76.2954782408499, 76.02631123499285, 79.00632886041473, 79.1580697086532, 79.63039620647382, 80.4114419718985, 81.25269226308751, 80.06247560499239, 102.3132444994293], [13.0, 5.0990195135927845, 5.385164807134504, 14.866068747318506, 25.179356624028344, 12.0, 6.0, 0.0, 6.0, 12.0, 18.0, 17.0, 25.179356624028344, 15.524174696260024, 15.811388300841896, 16.15549442140351, 16.55294535724685, 21.18962010041709, 15.620499351813308, 11.661903789690601, 10.0, 11.661903789690601, 15.620499351813308, 20.591260281974, 19.72308292331602, 19.1049731745428, 17.69180601295413, 16.401219466856727, 15.264337522473747, 14.317821063276353, 13.601470508735444, 13.152946437965905, 13.0, 13.152946437965905, 13.601470508735444, 14.317821063276353, 15.264337522473747, 16.401219466856727, 17.69180601295413, 19.1049731745428, 20.615528128088304, 21.400934559032695, 23.021728866442675, 23.853720883753127, 24.413111231467404, 22.360679774997898, 20.223748416156685, 20.09975124224178, 20.024984394500787, 20.024984394500787, 20.223748416156685, 20.396078054371138, 25.612496949731394, 24.698178070456937, 23.53720459187964, 23.194827009486403, 23.53720459187964, 24.698178070456937, 27.459060435491963, 29.206163733020468, 31.827660925679098, 27.018512172212592, 27.65863337187866, 29.732137494637012, 28.0178514522438, 28.284271247461902, 28.635642126552707, 30.675723300355934, 29.017236257093817, 29.274562336608895, 29.614185789921695, 31.78049716414141, 33.12099032335839, 35.22782990761707, 31.04834939252005, 30.59411708155671, 34.20526275297414, 33.37663853655727, 33.37663853655727, 34.20526275297414, 35.12833614050059, 36.05551275463989, 36.6742416417845, 37.107950630558946, 37.36308338453881, 37.64306044943742, 43.104524124504614, 43.04648650006177, 47.01063709417264, 50.15974481593781, 50.99019513592785, 51.0, 53.600373133029585, 52.0, 55.362442142665635, 59.464274989274024, 60.166435825965294, 61.032778078668514, 59.07622195096772, 67.468511173732, 67.08203932499369, 66.61080993352356, 68.96375859826666, 69.57010852370435, 70.21395872616783, 69.58448102845921, 69.18092222571191, 69.00724599634447, 69.1158447825099, 69.72087205421343, 70.40596565632774, 71.56814934033156, 72.11102550927978, 74.52516353554684, 73.33484846919642, 73.68174807915459, 74.33034373659252, 75.50496672405067, 74.43117626371358, 74.96665925596525, 76.48529270389177, 76.68767828015137, 77.62087348130012, 76.4198926981712, 79.1580697086532, 79.00632886041473, 79.1012010022604, 79.51100552753688, 80.06247560499239, 81.25269226308751, 102.0196059588548], [18.681541692269406, 7.0710678118654755, 6.4031242374328485, 9.433981132056603, 31.144823004794873, 18.0, 12.0, 6.0, 0.0, 6.0, 12.0, 23.0, 31.144823004794873, 21.37755832643195, 21.587033144922902, 21.840329667841555, 22.135943621178654, 26.92582403567252, 20.591260281974, 15.620499351813308, 11.661903789690601, 10.0, 11.661903789690601, 15.620499351813308, 25.079872407968907, 23.853720883753127, 22.20360331117452, 20.615528128088304, 19.1049731745428, 17.69180601295413, 16.401219466856727, 15.264337522473747, 14.317821063276353, 13.601470508735444, 13.152946437965905, 13.0, 13.152946437965905, 13.601470508735444, 14.317821063276353, 15.264337522473747, 16.401219466856727, 17.029386365926403, 18.384776310850235, 19.1049731745428, 28.284271247461902, 25.612496949731394, 21.93171219946131, 21.540659228538015, 21.18962010041709, 20.615528128088304, 20.223748416156685, 20.09975124224178, 29.732137494637012, 27.459060435491963, 25.495097567963924, 23.194827009486403, 23.021728866442675, 23.194827009486403, 24.698178070456937, 25.942243542145693, 28.0178514522438, 27.459060435491963, 27.0, 32.2490309931942, 28.442925306655784, 28.071337695236398, 28.0, 33.12099032335839, 29.427877939124322, 29.068883707497267, 29.0, 29.832867780352597, 30.675723300355934, 38.948684188300895, 33.1058907144937, 30.0, 36.24913792078372, 34.785054261852174, 33.015148038438355, 33.13608305156178, 36.138621999185304, 36.87817782917155, 36.013886210738214, 36.124783736376884, 36.22154055254967, 36.345563690772494, 43.93176527297759, 43.18564576337837, 49.73932046178355, 48.08326112068523, 48.703182647543684, 51.35172830587107, 55.362442142665635, 52.3450093132096, 53.600373133029585, 57.723478758647246, 58.240879114244144, 63.15853069855251, 59.682493245507096, 68.96375859826666, 68.41052550594829, 67.68308503607086, 67.468511173732, 67.91170738539859, 71.56814934033156, 70.61161377563892, 69.87131027825369, 69.35416353759881, 69.02897942168927, 69.1158447825099, 69.46221994724903, 73.38937252763509, 72.69112738154499, 75.96051605933177, 73.00684899377592, 73.10950690573696, 73.43704787094863, 76.92203845452875, 74.02702209328699, 74.24284477308234, 77.88452991448301, 75.66372975210778, 79.37883848986453, 77.27871634544663, 79.76214641043707, 79.30952023559341, 79.02531240052139, 79.05694150420949, 79.30952023559341, 82.86132994346639, 102.07840124139877], [24.515301344262525, 12.083045973594572, 11.180339887498949, 5.385164807134504, 37.12142238654117, 24.0, 18.0, 12.0, 6.0, 0.0, 6.0, 29.0, 37.12142238654117, 27.294688127912362, 27.459060435491963, 27.65863337187866, 27.892651361962706, 32.7566787083184, 26.0, 20.591260281974, 15.620499351813308, 11.661903789690601, 10.0, 11.661903789690601, 30.675723300355934, 29.068883707497267, 27.294688127912362, 25.553864678361276, 23.853720883753127, 22.20360331117452, 20.615528128088304, 19.1049731745428, 17.69180601295413, 16.401219466856727, 15.264337522473747, 14.317821063276353, 13.601470508735444, 13.152946437965905, 13.0, 13.152946437965905, 13.601470508735444, 13.92838827718412, 14.7648230602334, 15.264337522473747, 32.802438933713454, 29.732137494637012, 25.0, 24.413111231467404, 23.853720883753127, 22.825424421026653, 21.93171219946131, 21.540659228538015, 34.40930106817051, 31.144823004794873, 28.600699292150182, 24.698178070456937, 24.041630560342615, 23.194827009486403, 23.194827009486403, 23.769728648009426, 25.079872407968907, 29.154759474226502, 27.65863337187866, 35.608987629529715, 30.083217912982647, 29.120439557122072, 28.635642126552707, 36.40054944640259, 31.016124838541646, 30.083217912982647, 29.614185789921695, 29.017236257093817, 29.274562336608895, 43.18564576337837, 36.05551275463989, 30.59411708155671, 39.11521443121589, 37.12142238654117, 33.734255586866, 33.13608305156178, 38.07886552931954, 38.62641583165593, 36.345563690772494, 36.124783736376884, 36.05551275463989, 36.013886210738214, 45.5411901469428, 44.14748010928823, 53.009433122794285, 46.69047011971501, 47.07440918375928, 52.392747589718944, 57.697486947006624, 53.36665625650534, 52.46903848937962, 56.568542494923804, 56.88585061331157, 65.76473218982953, 60.876925020897694, 70.9365914038728, 70.22819946431775, 69.26037828369117, 66.48308055437865, 66.75327707311455, 73.38937252763509, 72.12489168102785, 71.06335201775947, 70.21395872616783, 69.46221994724903, 69.02897942168927, 69.02897942168927, 75.64390259630977, 73.7563556583431, 77.83315488916018, 73.17103251970687, 73.02739212103907, 73.02739212103907, 78.77182237323191, 74.10802925459562, 74.0, 79.71198153351854, 75.1065909225016, 81.54140052758476, 78.587530817554, 80.8084154033477, 80.06247560499239, 79.40403012442127, 79.05694150420949, 79.00632886041473, 84.86459803710851, 102.48902380255166], [30.4138126514911, 17.72004514666935, 16.76305461424021, 6.4031242374328485, 43.104524124504614, 30.0, 24.0, 18.0, 12.0, 6.0, 0.0, 35.0, 43.104524124504614, 33.24154027718932, 33.37663853655727, 33.54101966249684, 33.734255586866, 38.63935817272331, 31.622776601683793, 26.0, 20.591260281974, 15.620499351813308, 11.661903789690601, 10.0, 36.40054944640259, 34.539832078341085, 32.69556544854363, 30.870698080866262, 29.068883707497267, 27.294688127912362, 25.553864678361276, 23.853720883753127, 22.20360331117452, 20.615528128088304, 19.1049731745428, 17.69180601295413, 16.401219466856727, 15.264337522473747, 14.317821063276353, 13.601470508735444, 13.152946437965905, 13.038404810405298, 13.038404810405298, 13.152946437965905, 37.73592452822641, 34.40930106817051, 29.0, 28.284271247461902, 27.586228448267445, 26.248809496813376, 25.0, 24.413111231467404, 39.44616584663204, 35.4682957019364, 32.526911934581186, 27.459060435491963, 26.419689627245813, 24.698178070456937, 23.194827009486403, 23.0, 23.345235059857504, 31.906112267087632, 29.546573405388315, 39.59797974644666, 32.7566787083184, 31.304951684997057, 30.463092423455635, 40.311288741492746, 33.61547262794322, 32.202484376209235, 31.38470965295043, 29.427877939124322, 29.068883707497267, 47.80167361086848, 39.698866482558415, 32.31098884280702, 42.638011210655684, 40.22437072223753, 35.4682957019364, 34.20526275297414, 40.8166632639171, 41.182520563948, 37.64306044943742, 37.107950630558946, 36.87817782917155, 36.6742416417845, 47.853944456021594, 45.880278987817846, 56.72741841473134, 46.04345773288535, 46.17358552246078, 54.08326913195984, 60.53924347066124, 55.02726596879042, 52.009614495783374, 56.0357029044876, 56.142675390472796, 68.79680225126747, 62.625873247404705, 73.348483283569, 72.49827584156743, 71.30918594402827, 66.03029607687671, 66.12110101926616, 75.64390259630977, 74.09453421137081, 72.73238618387272, 71.56814934033156, 70.40596565632774, 69.46221994724903, 69.1158447825099, 78.29431652425353, 75.28612089887484, 80.11242100947892, 73.824115301167, 73.43704787094863, 73.10950690573696, 81.02468759581859, 74.67261881037788, 74.24284477308234, 81.93900170248598, 75.02666192761077, 84.07734534343957, 80.32434251209281, 82.28000972289685, 81.25269226308751, 80.23091673413684, 79.51100552753688, 79.1580697086532, 87.23531395025755, 103.24727599312246], [7.0710678118654755, 18.681541692269406, 19.6468827043885, 31.400636936215164, 8.54400374531753, 5.0, 11.0, 17.0, 23.0, 29.0, 35.0, 0.0, 8.54400374531753, 4.47213595499958, 5.385164807134504, 6.324555320336759, 7.280109889280518, 7.615773105863909, 11.180339887498949, 14.866068747318506, 19.72308292331602, 25.079872407968907, 30.675723300355934, 36.40054944640259, 10.0, 13.341664064126334, 13.92838827718412, 14.7648230602334, 15.811388300841896, 17.029386365926403, 18.384776310850235, 19.849433241279208, 21.400934559032695, 23.021728866442675, 24.698178070456937, 26.419689627245813, 28.178005607210743, 29.966648127543394, 31.78049716414141, 33.61547262794322, 35.4682957019364, 36.40054944640259, 38.27531841800928, 39.21734310225516, 20.223748416156685, 21.18962010041709, 24.413111231467404, 25.0, 25.612496949731394, 26.90724809414742, 28.284271247461902, 29.0, 20.024984394500787, 24.351591323771842, 25.942243542145693, 30.479501308256342, 31.827660925679098, 34.713109915419565, 39.408120990476064, 41.88078318274385, 45.27692569068709, 32.449961479175904, 35.4682957019364, 28.861739379323623, 33.28663395418648, 35.0, 36.235341863986875, 29.832867780352597, 34.132096331752024, 35.805027579936315, 37.013511046643494, 41.72529209005013, 43.93176527297759, 29.154759474226502, 31.32091952673165, 37.8021163428716, 33.95585369269929, 35.11409973215888, 39.66106403010388, 42.01190307520001, 37.69615364994153, 39.0, 43.266615305567875, 44.40720662234904, 45.0, 45.60701700396552, 45.221676218380054, 47.01063709417264, 43.04648650006177, 59.033888572581766, 60.30754513325841, 53.75872022286245, 52.15361924162119, 54.70831746635972, 63.245553203367585, 67.11929677819934, 68.24221567329127, 58.034472514187634, 60.63827174318213, 66.06814663663572, 66.18912297349165, 66.48308055437865, 75.66372975210778, 76.66159403508382, 69.1158447825099, 69.46221994724903, 70.03570517957252, 70.83078426785913, 72.12489168102785, 74.09453421137081, 75.64390259630977, 69.02897942168927, 73.16419889536138, 73.02739212103907, 76.84399781375251, 77.83315488916018, 79.30952023559341, 74.02702209328699, 78.10889834071403, 79.47955712005447, 75.02666192761077, 81.93900170248598, 75.05997601918082, 76.53103945458993, 79.90619500389191, 80.60397012554654, 81.74350127074322, 83.16850365372699, 84.50443775329198, 79.02531240052139, 103.75451797391764], [15.264337522473747, 27.202941017470888, 28.160255680657446, 39.81205847478876, 6.0, 13.341664064126334, 19.235384061671343, 25.179356624028344, 31.144823004794873, 37.12142238654117, 43.104524124504614, 8.54400374531753, 0.0, 10.04987562112089, 10.198039027185569, 10.44030650891055, 10.770329614269007, 6.4031242374328485, 14.7648230602334, 20.248456731316587, 25.96150997149434, 31.78049716414141, 37.656340767525464, 43.56604182158393, 10.63014581273465, 14.866068747318506, 16.401219466856727, 18.027756377319946, 19.72308292331602, 21.470910553583888, 23.259406699226016, 25.079872407968907, 26.92582403567252, 28.792360097775937, 30.675723300355934, 32.57299494980466, 34.48187929913333, 36.40054944640259, 38.3275357934736, 40.26164427839479, 42.20189569201838, 43.174066289845804, 45.12205669071391, 46.09772228646444, 20.248456731316587, 22.67156809750927, 27.80287754891569, 28.600699292150182, 29.410882339705484, 31.064449134018133, 32.7566787083184, 33.61547262794322, 19.235384061671343, 25.612496949731394, 28.284271247461902, 34.40930106817051, 36.05551275463989, 39.44616584663204, 44.721359549995796, 47.4236228055175, 51.07837115648854, 35.38361202590826, 39.20459156782532, 29.154759474226502, 36.069377593742864, 38.28837943815329, 39.824615503479755, 30.01666203960727, 36.76955262170047, 38.948684188300895, 40.45985664828782, 46.04345773288535, 48.54894437575342, 26.476404589747453, 31.906112267087632, 41.10960958218893, 34.0, 36.05551275463989, 42.42640687119285, 45.34313619501854, 38.8329756778952, 40.22437072223753, 45.967379738244816, 47.38143096192854, 48.104053883222775, 48.83646178829912, 45.65084884205331, 48.25971404805462, 40.44749683231337, 62.24146527838174, 63.702433234531945, 54.120236510939236, 50.44799302251776, 55.00909015790027, 65.85590330410783, 69.52697318307479, 70.83784299369935, 55.326304774492215, 60.166435825965294, 63.953107821277925, 64.32728814430156, 65.0, 77.42092740338364, 78.60025445251433, 67.08203932499369, 67.91170738539859, 68.96375859826666, 70.22819946431775, 72.09022125087424, 74.70609078247904, 76.66159403508382, 66.27216610312357, 72.12489168102785, 70.71067811865476, 76.96752561957543, 78.26237921249263, 80.1311425102625, 71.7007670809734, 78.29431652425353, 80.06247560499239, 72.69112738154499, 82.85529554590944, 72.17340230306452, 74.95331880577403, 78.587530817554, 79.6994353806851, 81.34494452638098, 83.2586331859946, 84.970583144992, 76.23647421018367, 102.61578825892242], [9.486832980505138, 18.35755975068582, 19.235384061671343, 30.364452901377952, 12.206555615733702, 5.0, 9.848857801796104, 15.524174696260024, 21.37755832643195, 27.294688127912362, 33.24154027718932, 4.47213595499958, 10.04987562112089, 0.0, 1.0, 2.0, 3.0, 5.830951894845301, 6.708203932499369, 10.816653826391969, 16.15549442140351, 21.840329667841555, 27.65863337187866, 33.54101966249684, 6.324555320336759, 9.055385138137417, 9.486832980505138, 10.295630140987, 11.40175425099138, 12.727922061357855, 14.212670403551895, 15.811388300841896, 17.4928556845359, 19.235384061671343, 21.02379604162864, 22.847319317591726, 24.698178070456937, 26.570660511172846, 28.460498941515414, 30.364452901377952, 32.28002478313795, 33.24154027718932, 35.17101079013795, 36.138621999185304, 16.0312195418814, 16.76305461424021, 20.0, 20.615528128088304, 21.2602916254693, 22.627416997969522, 24.08318915758459, 24.839484696748443, 16.0312195418814, 19.924858845171276, 21.470910553583888, 26.1725046566048, 27.586228448267445, 30.610455730027933, 35.510561809129406, 38.07886552931954, 41.593268686170845, 28.0178514522438, 31.144823004794873, 24.515301344262525, 28.844410203711913, 30.610455730027933, 31.89043743820395, 25.495097567963924, 29.68164415931166, 31.400636936215164, 32.64965543462902, 37.53664875824692, 39.824615503479755, 25.495097567963924, 26.92582403567252, 33.421549934136806, 29.614185789921695, 30.675723300355934, 35.22782990761707, 37.64306044943742, 33.24154027718932, 34.539832078341085, 38.8329756778952, 40.0, 40.607881008493905, 41.23105625617661, 40.80441152620633, 42.5440947723653, 39.20459156782532, 54.67174773134658, 55.97320787662612, 49.33558553417604, 48.041648597857254, 50.28916384272063, 58.82176467941097, 62.68173577685928, 63.8200595424354, 54.147945482723536, 56.293871780150276, 62.00806399170998, 62.07253821135398, 62.289646009589745, 71.19691004531025, 72.20110802473879, 65.03076195155643, 65.27633568147036, 65.76473218982953, 66.49060083951716, 67.72001181334805, 69.6419413859206, 71.17583859709698, 65.12296062065974, 68.8839603971781, 69.0, 72.42237223399962, 73.38937252763509, 74.84650960465692, 70.0, 73.68174807915459, 75.02666192761077, 71.0, 77.47257579298626, 71.17583859709698, 72.3394774656273, 75.66372975210778, 76.2954782408499, 77.3692445355388, 78.74642849044012, 80.05623023850174, 75.1065909225016, 99.46356116689167], [10.44030650891055, 18.867962264113206, 19.72308292331602, 30.675723300355934, 12.806248474865697, 5.830951894845301, 10.295630140987, 15.811388300841896, 21.587033144922902, 27.459060435491963, 33.37663853655727, 5.385164807134504, 10.198039027185569, 1.0, 0.0, 1.0, 2.0, 5.385164807134504, 5.830951894845301, 10.295630140987, 15.811388300841896, 21.587033144922902, 27.459060435491963, 33.37663853655727, 5.385164807134504, 8.06225774829855, 8.54400374531753, 9.433981132056603, 10.63014581273465, 12.041594578792296, 13.601470508735444, 15.264337522473747, 17.0, 18.788294228055936, 20.615528128088304, 22.47220505424423, 24.351591323771842, 26.248809496813376, 28.160255680657446, 30.083217912982647, 32.01562118716424, 32.984845004941285, 34.92849839314596, 35.90264614203248, 15.033296378372908, 15.811388300841896, 19.209372712298546, 19.849433241279208, 20.518284528683193, 21.93171219946131, 23.430749027719962, 24.20743687382041, 15.033296378372908, 18.973665961010276, 20.591260281974, 25.45584412271571, 26.90724809414742, 30.0, 34.9857113690718, 37.589892258425, 41.14608122288197, 27.202941017470888, 30.4138126514911, 23.53720459187964, 28.0178514522438, 29.832867780352597, 31.144823004794873, 24.515301344262525, 28.844410203711913, 30.610455730027933, 31.89043743820395, 36.87817782917155, 39.20459156782532, 24.515301344262525, 25.96150997149434, 32.64965543462902, 28.635642126552707, 29.732137494637012, 34.40930106817051, 36.87817782917155, 32.31098884280702, 33.61547262794322, 38.01315561749642, 39.20459156782532, 39.824615503479755, 40.45985664828782, 39.84971769034255, 41.6293165929973, 38.2099463490856, 53.907327887774215, 55.226805085936306, 48.38388161361178, 47.042533945356304, 49.33558553417604, 58.008620049092706, 61.85466837676846, 63.00793600809346, 53.150729063673246, 55.31726674375732, 61.00819617067857, 61.07372593840988, 61.29437168288782, 70.32780389006896, 71.34423592694787, 64.03124237432849, 64.28063471995279, 64.77653896280658, 65.5133574166368, 66.76076692189807, 68.70953354520753, 70.26378868236469, 64.1248781675256, 67.89698078707183, 68.0, 71.47027354082255, 72.44998274671983, 73.92563831310488, 69.0, 72.73238618387272, 74.09453421137081, 70.0, 76.55716818169282, 70.178344238091, 71.34423592694787, 74.67261881037788, 75.31268153505093, 76.40026177965623, 77.79460135510689, 79.12016177940993, 74.10802925459562, 98.47842403288143], [11.40175425099138, 19.4164878389476, 20.248456731316587, 31.016124838541646, 13.45362404707371, 6.708203932499369, 10.816653826391969, 16.15549442140351, 21.840329667841555, 27.65863337187866, 33.54101966249684, 6.324555320336759, 10.44030650891055, 2.0, 1.0, 0.0, 1.0, 5.0990195135927845, 5.0, 9.848857801796104, 15.524174696260024, 21.37755832643195, 27.294688127912362, 33.24154027718932, 4.47213595499958, 7.0710678118654755, 7.615773105863909, 8.602325267042627, 9.899494936611665, 11.40175425099138, 13.038404810405298, 14.7648230602334, 16.55294535724685, 18.384776310850235, 20.248456731316587, 22.135943621178654, 24.041630560342615, 25.96150997149434, 27.892651361962706, 29.832867780352597, 31.78049716414141, 32.7566787083184, 34.713109915419565, 35.6931365951495, 14.035668847618199, 14.866068747318506, 18.439088914585774, 19.1049731745428, 19.79898987322333, 21.2602916254693, 22.80350850198276, 23.600847442411894, 14.035668847618199, 18.027756377319946, 19.72308292331602, 24.758836806279895, 26.248809496813376, 29.410882339705484, 34.48187929913333, 37.12142238654117, 40.718546143004666, 26.40075756488817, 29.698484809834994, 22.561028345356956, 27.202941017470888, 29.068883707497267, 30.4138126514911, 23.53720459187964, 28.0178514522438, 29.832867780352597, 31.144823004794873, 36.235341863986875, 38.600518131237564, 23.53720459187964, 25.0, 31.89043743820395, 27.65863337187866, 28.792360097775937, 33.60059523282288, 36.124783736376884, 31.38470965295043, 32.69556544854363, 37.20215047547655, 38.41874542459709, 39.05124837953327, 39.698866482558415, 38.897300677553446, 40.718546143004666, 37.21558813185679, 53.150729063673246, 54.48853090330111, 47.43416490252569, 46.04345773288535, 48.38388161361178, 57.201398584300364, 61.032778078668514, 62.20128616033595, 52.15361924162119, 54.3415126767741, 60.00833275470999, 60.07495318350236, 60.29925372672534, 69.46221994724903, 70.49113419430843, 63.0317380372777, 63.28506932918696, 63.788713735268246, 64.53681120105021, 65.80273550544841, 67.77905281132217, 69.35416353759881, 63.12685640834652, 66.91038783328041, 67.0, 70.51950084905593, 71.5122367151245, 73.00684899377592, 68.0, 71.78439941937245, 73.16419889536138, 69.0, 75.64390259630977, 69.18092222571191, 70.34912934784623, 73.68174807915459, 74.33034373659252, 75.43208866258443, 76.84399781375251, 78.18567643756751, 73.10950690573696, 97.49358953285082], [12.36931687685298, 20.0, 20.808652046684813, 31.38470965295043, 14.142135623730951, 7.615773105863909, 11.40175425099138, 16.55294535724685, 22.135943621178654, 27.892651361962706, 33.734255586866, 7.280109889280518, 10.77032961